xpos=[0.0
0.0
0.0
2.0
50.0
330.0
716.0
1102.0
1500.0
1881.0
2270.0
2673.0
3056.0
3445.0
3846.0
4242.0
4644.0
5032.0
5430.0
5823.0
6220.0
6634.0
7025.0
7424.0
8214.0
8614.0
9030.0
9416.0
9828.0
10220.0
11418.0
11808.0
12215.0
12598.0
12984.0
13386.0
13792.0
14187.0
14577.0
14977.0
15363.0
15760.0
16154.0
16565.0
16953.0
17352.0
17753.0
18154.0
18552.0
18966.0
19356.0
19770.0
20159.0
20561.0
20953.0
21343.0
21749.0
22143.0
22540.0
22943.0
23340.0
23735.0
24132.0
24531.0
24924.0
25312.0
25707.0
26100.0
26506.0
26890.0
27282.0];

ypos=[0.0
0.0
0.0
3.0
59.0
334.0
726.0
1111.0
1515.0
1906.0
2298.0
2705.0
3091.0
3483.0
3890.0
4290.0
4702.0
5092.0
5491.0
5888.0
6287.0
6702.0
7105.0
7504.0
8304.0
8705.0
9124.0
9524.0
9938.0
10331.0
11544.0
11943.0
12354.0
12740.0
13131.0
13537.0
13949.0
14352.0
14749.0
15150.0
15540.0
15942.0
16341.0
16757.0
17157.0
17556.0
17961.0
18369.0
18771.0
19191.0
19593.0
20008.0
20399.0
20807.0
21203.0
21601.0
22012.0
22411.0
22809.0
23216.0
23620.0
24018.0
24418.0
24828.0
25217.0
25610.0
26013.0
26409.0
26821.0
27215.0
27605.0];
